landmark1: 0.524554 0.148411 -0.881611 0.527974 0.101663 -0.899015
landmark2: 0.187303 0.789076 -1.215411 0.142183 0.797657 -1.235173
landmark3: 0.803862 1.219629 -0.883566 0.803197 1.259051 -0.852817
landmark4: 1.128384 0.706369 -0.861131 1.171769 0.713652 -0.884893
landmark5: 0.920049 0.406912 -1.287381 0.933078 0.388529 -1.332016
landmark6: 0.651170 0.890015 -1.592831 0.624982 0.892858 -1.635330
landmark7: 0.950077 1.229562 -1.474086 0.957741 1.271843 -1.499651
landmark8: 1.277168 0.895504 -1.367980 1.320717 0.904934 -1.390663
landmark9: 0.700022 -0.613893 0.112502 0.690098 -0.633289 0.157505
landmark10: 0.421607 -1.146250 0.065259 0.408664 -1.127842 0.109908
landmark11: -0.263592 -1.009364 -0.015391 -0.239343 -0.986241 0.021720
landmark12: -0.517965 -0.382491 0.034770 -0.522784 -0.392961 0.083424
landmark13: -0.196068 0.070866 0.091574 -0.201070 0.059372 0.139977
landmark14: 0.378593 0.065013 0.091058 0.375117 0.039399 0.133859
landmark15: 0.717597 -0.295173 0.169670 0.707657 -0.286046 0.217815
landmark16: 1.194886 -0.435111 0.208493 1.236637 -0.409014 0.217198
landmark17: 1.386971 -0.975222 0.187793 1.431443 -0.988261 0.206559
landmark18: 1.347973 -1.263173 0.950339 1.392204 -1.274968 0.970449
landmark19: 1.139321 -0.816921 1.464222 1.173080 -0.780265 1.460134
landmark20: 0.311778 -0.158107 1.494182 0.358654 -0.143203 1.503154
landmark21: -0.142608 0.221675 1.138693 -0.113736 0.261532 1.147512
landmark22: 0.070854 0.410565 0.179267 0.094553 0.447742 0.202851
landmark23: 0.343659 0.180693 0.139702 0.361195 0.198314 0.183085
landmark24: 0.780132 -0.101958 0.161774 0.782028 -0.074650 0.203615
landmark25: -0.176270 0.342628 -0.217891 -0.215501 0.370262 -0.231935
landmark26: -0.432097 -0.322442 -0.426972 -0.468889 -0.288711 -0.424040
landmark27: -0.859524 -0.615780 0.017136 -0.850042 -0.567781 0.027440
landmark28: -0.936344 -0.495843 0.908238 -0.946354 -0.451644 0.887114
landmark29: -0.534628 -0.048245 1.363425 -0.578989 -0.034502 1.344899
landmark30: -0.249422 0.152242 1.273818 -0.293649 0.170143 1.258868
landmark31: -0.148232 0.230153 1.133587 -0.143800 0.279882 1.136311
landmark32: 0.049579 0.419179 0.173892 0.070581 0.460236 0.193210
landmark33: -0.092262 0.441581 -0.058721 -0.120770 0.467651 -0.026977
