0 31
Landmark1: 18.7109 -0.205297 0.901824 19.4752 0.0310286 1.50182 
Landmark2: 11.371 -0.2593 3.87895 11.86 -0.360548 4.74535 
Landmark3: 4.16528 -0.236953 5.07927 4.19827 -0.732678 5.94713 
Landmark4: 0.233644 -0.256083 5.14046 0.484554 -0.308019 6.10707 
Landmark5: -3.03284 -0.157834 4.34972 -3.33113 -0.160463 5.30419 
Landmark6: -4.5484 -0.011966 1.57674 -5.54621 0.046681 1.5462 
Landmark7: -2.18571 -0.160098 -1.66829 -2.55957 -0.068904 -2.59128 
Landmark8: 1.23361 -0.108738 -1.35942 1.38565 -0.166797 -2.34609 
Landmark9: 5.00825 -0.162678 -0.520487 4.67691 -0.056113 -1.45796 
Landmark10: 5.7578 -0.099522 -1.67535 5.70938 0.193002 -2.63038 
Landmark11: 17.7826 -0.052109 -2.48725 18.7687 -0.213701 -2.4491 
Landmark12: -3.88919 -2.51078 -0.033955 -4.85157 -2.58882 0.226326 
Landmark13: -3.90165 2.07856 -0.027851 -4.55965 1.4322 -0.41419 
Landmark14: -0.551308 -4.68779 3.28638 -0.41165 -5.65613 3.49327 
Landmark15: -0.636732 4.30964 3.22769 -1.06829 5.01376 3.79158 
Landmark16: 7.41633 -2.31482 4.51937 7.37448 -2.78205 5.40251 
Landmark17: 7.34049 2.02142 4.61648 7.4908 2.68141 5.35256 
Landmark18: 11.8734 -1.9069 3.48643 12.3836 -2.38506 4.20134 
Landmark19: 12.2235 1.12451 3.61413 12.6484 1.2984 4.50249 
Landmark20: 10.1861 -2.07601 -1.75949 10.7057 -2.44469 -2.53031 
Landmark21: 10.214 1.6455 -1.7383 10.7459 1.51874 -2.57553 
Landmark22: 3.2272 -2.51529 -1.21356 3.00667 -2.02233 -2.0552 
Landmark23: 3.25779 2.25818 -0.925982 2.72062 1.7316 -1.58489 
Landmark24: -0.138136 -4.65732 0.048961 -0.426926 -4.44157 -0.883804 
Landmark25: 0.279644 4.43771 0.091058 4.05527e-05 4.73279 -0.822585 
Landmark26: 9.29003 -5.4905 0.519671 9.16136 -6.38859 0.94022 
Landmark27: 9.43898 5.15346 0.647004 9.42592 6.13777 0.822993 
Landmark28: 6.5141 -1.61604 -1.40197 6.35121 -2.01924 -2.30247 
Landmark29: 6.48293 1.46162 -1.27641 6.85125 1.98941 -2.04176 
Landmark30: 4.34814 -4.94684 1.02257 5.24403 -5.15791 1.41351 
Landmark31: 4.27505 4.62629 1.25601 5.0565 4.29148 1.78256 
